[gd_scene format=3 uid="uid://dr6laxqta06q8"]

[ext_resource type="PackedScene" uid="uid://bkconj402oeqs" path="res://characters/Master.fbx" id="1_x84ck"]

[sub_resource type="CapsuleShape3D" id="CapsuleShape3D_x84ck"]
radius = 0.010182437
height = 0.101824366

[sub_resource type="CapsuleShape3D" id="CapsuleShape3D_4r2jy"]
radius = 0.010002675
height = 0.10002675

[sub_resource type="CapsuleShape3D" id="CapsuleShape3D_0uvx6"]
radius = 0.00932209
height = 0.093220904

[sub_resource type="CapsuleShape3D" id="CapsuleShape3D_eja8y"]
radius = 0.016865322
height = 0.16865322

[sub_resource type="CapsuleShape3D" id="CapsuleShape3D_86gmm"]
radius = 0.009764376
height = 0.09764376

[sub_resource type="CapsuleShape3D" id="CapsuleShape3D_lm85j"]
radius = 0.023279006
height = 0.23279005

[sub_resource type="CapsuleShape3D" id="CapsuleShape3D_88hmf"]
radius = 0.010838175
height = 0.108381756

[sub_resource type="CapsuleShape3D" id="CapsuleShape3D_aohlw"]
radius = 0.027841518
height = 0.27841517

[sub_resource type="CapsuleShape3D" id="CapsuleShape3D_8sdtu"]
radius = 0.02832884
height = 0.2832884

[sub_resource type="CapsuleShape3D" id="CapsuleShape3D_bdy10"]
radius = 0.010837706
height = 0.108377054

[sub_resource type="CapsuleShape3D" id="CapsuleShape3D_2vt5g"]
radius = 0.02784152
height = 0.2784152

[sub_resource type="CapsuleShape3D" id="CapsuleShape3D_cftie"]
radius = 0.028328836
height = 0.28328836

[sub_resource type="CapsuleShape3D" id="CapsuleShape3D_jltim"]
radius = 0.044371463
height = 0.44371462

[sub_resource type="CapsuleShape3D" id="CapsuleShape3D_qd6ft"]
radius = 0.044527814
height = 0.44527814

[sub_resource type="CapsuleShape3D" id="CapsuleShape3D_1r8hc"]
radius = 0.013816866
height = 0.13816866

[sub_resource type="CapsuleShape3D" id="CapsuleShape3D_0wuin"]
radius = 0.04437139
height = 0.4437139

[sub_resource type="CapsuleShape3D" id="CapsuleShape3D_20umo"]
radius = 0.044527847
height = 0.44527847

[sub_resource type="CapsuleShape3D" id="CapsuleShape3D_huxvu"]
radius = 0.013816865
height = 0.13816865

[node name="Node3D" type="Node3D" unique_id=961163697]

[node name="Master" parent="." unique_id=514736750 instance=ExtResource("1_x84ck")]

[node name="PhysicalBoneSimulator3D" type="PhysicalBoneSimulator3D" parent="Master/Skeleton3D" parent_id_path=PackedInt32Array(514736750, 1419072951) index="2" unique_id=1030822854]

[node name="Physical Bone mixamorig_Hips" type="PhysicalBone3D" parent="Master/Skeleton3D/PhysicalBoneSimulator3D" unique_id=2144758218]
transform = Transform3D(1, 2.665649e-18, 4.181728e-11, 4.181379e-11, -0.012916825, -0.9999166, 5.401438e-13, 0.9999166, -0.012916825, -7.727503e-08, 1.0930564, 0.016199801)
joint_offset = Transform3D(1, 0, 0, 0, 1, 0, 0, 0, 1, 2.0610683e-14, -6.772529e-06, 0.05031203)
body_offset = Transform3D(1, 2.6656495e-18, 4.181728e-11, 4.1817282e-11, -9.313226e-10, -1.0000002, -2.6562953e-18, 1.0000002, -9.313226e-10, -2.1245228e-12, 0.050312042, 6.7725778e-06)
bone_name = "mixamorig_Hips"

[node name="CollisionShape3D" type="CollisionShape3D" parent="Master/Skeleton3D/PhysicalBoneSimulator3D/Physical Bone mixamorig_Hips" unique_id=503102752]
transform = Transform3D(1, 0, 0, 0, 0, 1, 0, -1, 0, 0, 0, 0)
shape = SubResource("CapsuleShape3D_x84ck")

[node name="Physical Bone mixamorig_Spine" type="PhysicalBone3D" parent="Master/Skeleton3D/PhysicalBoneSimulator3D" unique_id=293930790]
transform = Transform3D(1, 3.9768167e-08, -4.945398e-07, -4.9501216e-07, 0.14703149, -0.98913187, 3.337695e-08, 0.98913187, 0.14703149, -5.3558203e-08, 1.1940343, 0.009504521)
joint_type = 1
joint_offset = Transform3D(1, 0, 0, 0, 1, 0, 0, 0, 1, 1.0146493e-09, 3.4198143e-07, 0.050013416)
body_offset = Transform3D(1, -1.0658141e-14, 1.150191e-13, 8.881784e-16, 1.4901161e-08, -1.0000001, 0, 1.0000001, 1.4901161e-08, -1.014655e-09, 0.050013423, -3.427267e-07)
bone_name = "mixamorig_Spine"
joint_constraints/bias = 0.3
joint_constraints/damping = 1.0
joint_constraints/impulse_clamp = 0.0

[node name="CollisionShape3D" type="CollisionShape3D" parent="Master/Skeleton3D/PhysicalBoneSimulator3D/Physical Bone mixamorig_Spine" unique_id=562800247]
transform = Transform3D(1, 0, 0, 0, 0, 1, 0, -1, 0, 0, 0, 0)
shape = SubResource("CapsuleShape3D_4r2jy")

[node name="Physical Bone mixamorig_Spine1" type="PhysicalBone3D" parent="Master/Skeleton3D/PhysicalBoneSimulator3D" unique_id=789309847]
transform = Transform3D(1, 3.9768153e-08, -4.945398e-07, -4.9501216e-07, 0.14703146, -0.98913187, 3.337695e-08, 0.98913187, 0.14703146, -5.7740195e-09, 1.2896066, -0.004701635)
joint_type = 1
joint_offset = Transform3D(1, 0, 0, 0, 1, 0, 0, 0, 1, 1.0140244e-09, -1.4206632e-08, 0.04660892)
body_offset = Transform3D(1, -1.0658141e-14, 1.1368684e-13, 8.881784e-16, -1.4901161e-08, -1.0000001, 0, 1.0000001, -1.4901161e-08, -1.0140297e-09, 0.046608925, 1.4901161e-08)
bone_name = "mixamorig_Spine1"
joint_constraints/bias = 0.3
joint_constraints/damping = 1.0
joint_constraints/impulse_clamp = 0.0

[node name="CollisionShape3D" type="CollisionShape3D" parent="Master/Skeleton3D/PhysicalBoneSimulator3D/Physical Bone mixamorig_Spine1" unique_id=2005370367]
transform = Transform3D(1, 0, 0, 0, 0, 1, 0, -1, 0, 0, 0, 0)
shape = SubResource("CapsuleShape3D_0uvx6")

[node name="Physical Bone mixamorig_Spine2" type="PhysicalBone3D" parent="Master/Skeleton3D/PhysicalBoneSimulator3D" unique_id=769264232]
transform = Transform3D(1, 2.5102802e-08, -5.694543e-07, -5.682857e-07, 0.12149361, -0.9925922, 4.426821e-08, 0.9925922, 0.12149361, 6.73263e-08, 1.4194139, -0.02180022)
joint_type = 1
joint_offset = Transform3D(1, 0, 0, 0, 1, 0, 0, 0, 1, -1.0146489e-09, 3.604757e-24, 0.084326625)
body_offset = Transform3D(1, 0, -2.4339197e-11, -2.4336533e-11, 0, -1, 3.5527137e-15, 1, 0, 1.0167014e-09, 0.084326625, 0)
bone_name = "mixamorig_Spine2"
joint_constraints/bias = 0.3
joint_constraints/damping = 1.0
joint_constraints/impulse_clamp = 0.0

[node name="CollisionShape3D" type="CollisionShape3D" parent="Master/Skeleton3D/PhysicalBoneSimulator3D/Physical Bone mixamorig_Spine2" unique_id=1180381617]
transform = Transform3D(1, 0, 0, 0, 0, 1, 0, -1, 0, 0, 0, 0)
shape = SubResource("CapsuleShape3D_eja8y")

[node name="Physical Bone mixamorig_Neck" type="PhysicalBone3D" parent="Master/Skeleton3D/PhysicalBoneSimulator3D" unique_id=1369154404]
transform = Transform3D(-1, 1.7788778e-07, -5.410784e-07, 5.636586e-07, 0.17256719, -0.98499775, -8.1846686e-08, -0.98499775, -0.17256719, 1.4074843e-07, 1.5512062, -0.023620432)
joint_type = 1
joint_offset = Transform3D(1, 0, 0, 0, 1, 0, 0, 0, 1, -3.8596903e-13, -2.6915222e-07, 0.048822716)
body_offset = Transform3D(-1, 3.622331e-08, 1.1019212e-08, -2.9531932e-12, 0.29095978, -0.9567353, -3.786227e-08, -0.9567353, -0.29095978, -5.38364e-10, 0.04671049, 0.014205188)
bone_name = "mixamorig_Neck"
joint_constraints/bias = 0.3
joint_constraints/damping = 1.0
joint_constraints/impulse_clamp = 0.0

[node name="CollisionShape3D" type="CollisionShape3D" parent="Master/Skeleton3D/PhysicalBoneSimulator3D/Physical Bone mixamorig_Neck" unique_id=105287658]
transform = Transform3D(1, 0, 0, 0, 0, 1, 0, -1, 0, 0, 0, 0)
shape = SubResource("CapsuleShape3D_86gmm")

[node name="Physical Bone mixamorig_Head" type="PhysicalBone3D" parent="Master/Skeleton3D/PhysicalBoneSimulator3D" unique_id=1295199551]
transform = Transform3D(-1, 1.373269e-07, -5.6602755e-07, 5.8008754e-07, 0.322226, -0.9466628, 5.2386536e-08, -0.9466628, -0.322226, 2.3304838e-07, 1.7094816, 0.02231025)
joint_type = 1
joint_offset = Transform3D(1, 0, 0, 0, 1, 0, 0, 0, 1, 5.146994e-13, 0, 0.11639504)
body_offset = Transform3D(-1, -8.768602e-08, -4.2338893e-08, -4.191758e-12, 0.43485248, -0.9005017, 9.737259e-08, -0.9005017, -0.43485248, 4.928552e-09, 0.10481393, 0.05061467)
bone_name = "mixamorig_Head"
joint_constraints/bias = 0.3
joint_constraints/damping = 1.0
joint_constraints/impulse_clamp = 0.0

[node name="CollisionShape3D" type="CollisionShape3D" parent="Master/Skeleton3D/PhysicalBoneSimulator3D/Physical Bone mixamorig_Head" unique_id=893386137]
transform = Transform3D(1, 0, 0, 0, 0, 1, 0, -1, 0, 0, 0, 0)
shape = SubResource("CapsuleShape3D_lm85j")

[node name="Physical Bone mixamorig_RightShoulder" type="PhysicalBone3D" parent="Master/Skeleton3D/PhysicalBoneSimulator3D" unique_id=801128442]
transform = Transform3D(-0.20569636, 0.049482793, 0.97736406, -0.01019149, -0.99877506, 0.048421893, 0.9785628, -5.8914395e-07, 0.2059487, -0.09866385, 1.4432371, -0.04432437)
joint_type = 1
joint_offset = Transform3D(1, 0, 0, 0, 1, 0, 0, 0, 1, -5.410298e-08, -6.0425276e-10, 0.05419089)
body_offset = Transform3D(1, -1.9009133e-07, 9.983778e-07, 9.983778e-07, 4.2921698e-08, -1, 2.1117401e-07, 1.0000001, 1.1150661e-08, 0, 0.05419089, 0)
bone_name = "mixamorig_RightShoulder"
joint_constraints/bias = 0.3
joint_constraints/damping = 1.0
joint_constraints/impulse_clamp = 0.0

[node name="CollisionShape3D" type="CollisionShape3D" parent="Master/Skeleton3D/PhysicalBoneSimulator3D/Physical Bone mixamorig_RightShoulder" unique_id=1827679533]
transform = Transform3D(1, 0, 0, 0, 0, 1, 0, -1, 0, 0, 0, 0)
shape = SubResource("CapsuleShape3D_88hmf")

[node name="Physical Bone mixamorig_RightArm" type="PhysicalBone3D" parent="Master/Skeleton3D/PhysicalBoneSimulator3D" unique_id=1569618085]
transform = Transform3D(-4.2629694e-07, -5.178154e-07, 1, -3.8556846e-07, -1, -5.178156e-07, 1, -3.8556868e-07, 4.2629674e-07, -0.29083568, 1.442741, -0.055484906)
joint_type = 1
joint_offset = Transform3D(1, 0, 0, 0, 1, 0, 0, 0, 1, -6.589915e-09, 0.0021278914, 0.1392076)
body_offset = Transform3D(0.99999994, 1.16223475e-08, 3.415286e-07, 2.921404e-07, -5.116943e-15, -1, -2.842171e-14, 1.0000001, -4.0978072e-08, -4.0978193e-08, 0.1392076, -0.0021278858)
bone_name = "mixamorig_RightArm"
joint_constraints/bias = 0.3
joint_constraints/damping = 1.0
joint_constraints/impulse_clamp = 0.0

[node name="CollisionShape3D" type="CollisionShape3D" parent="Master/Skeleton3D/PhysicalBoneSimulator3D/Physical Bone mixamorig_RightArm" unique_id=2030661418]
transform = Transform3D(1, 0, 0, 0, 0, 1, 0, -1, 0, 0, 0, 0)
shape = SubResource("CapsuleShape3D_aohlw")

[node name="Physical Bone mixamorig_RightForeArm" type="PhysicalBone3D" parent="Master/Skeleton3D/PhysicalBoneSimulator3D" unique_id=1071490028]
transform = Transform3D(3.8096286e-07, -3.5993602e-07, 1, -3.8607624e-07, -1, -3.5993588e-07, 1, -3.860761e-07, -3.80963e-07, -0.57168746, 1.4406132, -0.055484816)
joint_type = 1
joint_offset = Transform3D(1, 0, 0, 0, 1, 0, 0, 0, 1, -4.8123767e-09, -9.104227e-08, 0.14164424)
body_offset = Transform3D(0.99999994, 1.1114935e-08, -4.6573115e-07, -5.151194e-07, -1.5787938e-07, -1, 5.072991e-10, 1.0000001, -1.9885746e-07, 7.0780516e-08, 0.14164424, 1.1920929e-07)
bone_name = "mixamorig_RightForeArm"
joint_constraints/bias = 0.3
joint_constraints/damping = 1.0
joint_constraints/impulse_clamp = 0.0

[node name="CollisionShape3D" type="CollisionShape3D" parent="Master/Skeleton3D/PhysicalBoneSimulator3D/Physical Bone mixamorig_RightForeArm" unique_id=1294036794]
transform = Transform3D(1, 0, 0, 0, 0, 1, 0, -1, 0, 0, 0, 0)
shape = SubResource("CapsuleShape3D_8sdtu")

[node name="Physical Bone mixamorig_LeftShoulder" type="PhysicalBone3D" parent="Master/Skeleton3D/PhysicalBoneSimulator3D" unique_id=1523659547]
transform = Transform3D(-0.20570655, -0.04946515, -0.9773628, 0.010188162, -0.9987759, 0.048404567, -0.9785607, -3.9404665e-07, 0.20595871, 0.0986664, 1.4432361, -0.044324182)
joint_type = 1
joint_offset = Transform3D(1, 0, 0, 0, 1, 0, 0, 0, 1, 4.220692e-09, -6.57254e-09, 0.054188535)
body_offset = Transform3D(1.0000001, -8.350867e-09, 5.9604645e-08, 0, 2.9262424e-09, -1, 4.5503157e-10, 1, 1.2129023e-07, -7.450581e-09, 0.054188535, 0)
bone_name = "mixamorig_LeftShoulder"
joint_constraints/bias = 0.3
joint_constraints/damping = 1.0
joint_constraints/impulse_clamp = 0.0

[node name="CollisionShape3D" type="CollisionShape3D" parent="Master/Skeleton3D/PhysicalBoneSimulator3D/Physical Bone mixamorig_LeftShoulder" unique_id=1574350347]
transform = Transform3D(1, 0, 0, 0, 0, 1, 0, -1, 0, 0, 0, 0)
shape = SubResource("CapsuleShape3D_bdy10")

[node name="Physical Bone mixamorig_LeftArm" type="PhysicalBone3D" parent="Master/Skeleton3D/PhysicalBoneSimulator3D" unique_id=2088760685]
transform = Transform3D(9.4082316e-07, -1.6614792e-06, -1, 3.6549338e-07, -1, 1.6614796e-06, -1, -3.6549494e-07, -9.4082253e-07, 0.29083586, 1.4406129, -0.05548466)
joint_type = 1
joint_offset = Transform3D(1, 0, 0, 0, 1, 0, 0, 0, 1, -5.8123715e-09, -1.5039062e-08, 0.13920762)
body_offset = Transform3D(1, -3.634389e-08, 4.1753253e-08, 0, -2.8053731e-15, -1, 0, 0.9999999, 1.08033305e-07, 0, 0.13920762, 0)
bone_name = "mixamorig_LeftArm"
joint_constraints/bias = 0.3
joint_constraints/damping = 1.0
joint_constraints/impulse_clamp = 0.0

[node name="CollisionShape3D" type="CollisionShape3D" parent="Master/Skeleton3D/PhysicalBoneSimulator3D/Physical Bone mixamorig_LeftArm" unique_id=1483520170]
transform = Transform3D(1, 0, 0, 0, 0, 1, 0, -1, 0, 0, 0, 0)
shape = SubResource("CapsuleShape3D_2vt5g")

[node name="Physical Bone mixamorig_LeftForeArm" type="PhysicalBone3D" parent="Master/Skeleton3D/PhysicalBoneSimulator3D" unique_id=1486225908]
transform = Transform3D(7.4883735e-07, -1.6418376e-06, -1, 3.6549372e-07, -1, 1.6418378e-06, -1, -3.6549494e-07, -7.488367e-07, 0.57168764, 1.4406124, -0.055484436)
joint_type = 1
joint_offset = Transform3D(1, 0, 0, 0, 1, 0, 0, 0, 1, -4.7974655e-09, -1.8084426e-08, 0.14164418)
body_offset = Transform3D(1, -3.6343863e-08, -1.5023255e-07, -1.919858e-07, 1.9641671e-08, -1, 0, 0.9999999, 1.2767502e-07, 2.6077032e-08, 0.14164418, 0)
bone_name = "mixamorig_LeftForeArm"
joint_constraints/bias = 0.3
joint_constraints/damping = 1.0
joint_constraints/impulse_clamp = 0.0

[node name="CollisionShape3D" type="CollisionShape3D" parent="Master/Skeleton3D/PhysicalBoneSimulator3D/Physical Bone mixamorig_LeftForeArm" unique_id=424688737]
transform = Transform3D(1, 0, 0, 0, 0, 1, 0, -1, 0, 0, 0, 0)
shape = SubResource("CapsuleShape3D_cftie")

[node name="Physical Bone mixamorig_RightUpLeg" type="PhysicalBone3D" parent="Master/Skeleton3D/PhysicalBoneSimulator3D" unique_id=1138505214]
transform = Transform3D(-1, 1.0818487e-08, 5.2236106e-07, 5.224295e-07, 0.007796063, 0.99996966, 6.7457995e-09, 0.9999696, -0.0077960636, -0.082211085, 0.7530912, 0.0012881978)
joint_type = 1
joint_offset = Transform3D(1, 0, 0, 0, 1, 0, 0, 0, 1, -0.0001329929, -8.784699e-06, 0.22214761)
body_offset = Transform3D(0.9999995, 4.440892e-15, -1.3956959e-10, -1.3965377e-10, 0, -0.9999999, 0, 1.0000001, -4.1909516e-09, 0.00013299286, 0.22214758, 8.7856315e-06)
bone_name = "mixamorig_RightUpLeg"
joint_constraints/bias = 0.3
joint_constraints/damping = 1.0
joint_constraints/impulse_clamp = 0.0

[node name="CollisionShape3D" type="CollisionShape3D" parent="Master/Skeleton3D/PhysicalBoneSimulator3D/Physical Bone mixamorig_RightUpLeg" unique_id=1837593092]
transform = Transform3D(1, 0, 0, 0, 0, 1, 0, -1, 0, 0, 0, 0)
shape = SubResource("CapsuleShape3D_jltim")

[node name="Physical Bone mixamorig_RightLeg" type="PhysicalBone3D" parent="Master/Skeleton3D/PhysicalBoneSimulator3D" unique_id=1290727499]
transform = Transform3D(-1, -2.5705361e-08, 4.786665e-07, 4.7930405e-07, -0.06835173, 0.9976613, 7.0724377e-09, 0.99766135, 0.06835173, -0.08207831, 0.30941242, -0.012210991)
joint_type = 1
joint_offset = Transform3D(1, 0, 0, 0, 1, 0, 0, 0, 1, -2.8192022e-11, -9.952736e-09, 0.22263902)
body_offset = Transform3D(0.9999996, -5.3290705e-14, 1.2662654e-10, 1.2645984e-10, 0, -1, 4.6629367e-14, 1.0000004, 4.4703484e-08, 0, 0.22263902, 0)
bone_name = "mixamorig_RightLeg"
joint_constraints/bias = 0.3
joint_constraints/damping = 1.0
joint_constraints/impulse_clamp = 0.0

[node name="CollisionShape3D" type="CollisionShape3D" parent="Master/Skeleton3D/PhysicalBoneSimulator3D/Physical Bone mixamorig_RightLeg" unique_id=1390498955]
transform = Transform3D(1, 0, 0, 0, 0, 1, 0, -1, 0, 0, 0, 0)
shape = SubResource("CapsuleShape3D_qd6ft")

[node name="Physical Bone mixamorig_RightFoot" type="PhysicalBone3D" parent="Master/Skeleton3D/PhysicalBoneSimulator3D" unique_id=64819383]
transform = Transform3D(-1, 4.9001324e-07, 5.1872496e-07, 7.07548e-07, 0.77518, 0.63174045, -9.254403e-08, 0.63174045, -0.7751799, -0.08221145, 0.04365061, 0.026124023)
joint_type = 1
joint_offset = Transform3D(1, 0, 0, 0, 1, 0, 0, 0, 1, -0.0001329929, 1.647093e-08, 0.069084324)
body_offset = Transform3D(0.9999996, 4.226557e-10, -5.177583e-10, -5.17943e-10, 0, -1.0000001, -4.2246384e-10, 1, -2.3841858e-07, 0.00013299286, 0.06908433, 0)
bone_name = "mixamorig_RightFoot"
joint_constraints/bias = 0.3
joint_constraints/damping = 1.0
joint_constraints/impulse_clamp = 0.0

[node name="CollisionShape3D" type="CollisionShape3D" parent="Master/Skeleton3D/PhysicalBoneSimulator3D/Physical Bone mixamorig_RightFoot" unique_id=788349835]
transform = Transform3D(1, 0, 0, 0, 0, 1, 0, -1, 0, 0, 0, 0)
shape = SubResource("CapsuleShape3D_1r8hc")

[node name="Physical Bone mixamorig_LeftUpLeg" type="PhysicalBone3D" parent="Master/Skeleton3D/PhysicalBoneSimulator3D" unique_id=595938561]
transform = Transform3D(-1, 1.1263157e-08, 5.4368263e-07, 5.43754e-07, 0.00781903, 0.9999695, 7.011742e-09, 0.9999694, -0.007819031, 0.08207769, 0.75338143, 0.0012810198)
joint_type = 1
joint_offset = Transform3D(1, 0, 0, 0, 1, 0, 0, 0, 1, -4.373104e-12, 1.2680973e-06, 0.22185698)
body_offset = Transform3D(0.9999995, 1.2831514e-11, 1.9711285e-11, 1.95821e-11, 0, -0.9999999, -1.2827517e-11, 1.0000001, -4.656613e-09, 0, 0.22185695, -1.2670644e-06)
bone_name = "mixamorig_LeftUpLeg"
joint_constraints/bias = 0.3
joint_constraints/damping = 1.0
joint_constraints/impulse_clamp = 0.0

[node name="CollisionShape3D" type="CollisionShape3D" parent="Master/Skeleton3D/PhysicalBoneSimulator3D/Physical Bone mixamorig_LeftUpLeg" unique_id=1041278477]
transform = Transform3D(1, 0, 0, 0, 0, 1, 0, -1, 0, 0, 0, 0)
shape = SubResource("CapsuleShape3D_0wuin")

[node name="Physical Bone mixamorig_LeftLeg" type="PhysicalBone3D" parent="Master/Skeleton3D/PhysicalBoneSimulator3D" unique_id=1199797585]
transform = Transform3D(-1, -2.690337e-08, 5.000951e-07, 5.0076426e-07, -0.0683709, 0.99766, 7.351535e-09, 0.99766004, 0.0683709, 0.08207746, 0.30842304, -0.012238726)
joint_type = 1
joint_offset = Transform3D(1, 0, 0, 0, 1, 0, 0, 0, 1, -2.7855e-11, -3.4087276e-05, 0.22362912)
body_offset = Transform3D(0.9999996, -2.9531932e-13, 1.2455881e-10, 1.2429507e-10, 0, -1, 2.842171e-13, 1.0000004, 3.7252903e-08, 0, 0.22362912, 3.4078956e-05)
bone_name = "mixamorig_LeftLeg"
joint_constraints/bias = 0.3
joint_constraints/damping = 1.0
joint_constraints/impulse_clamp = 0.0

[node name="CollisionShape3D" type="CollisionShape3D" parent="Master/Skeleton3D/PhysicalBoneSimulator3D/Physical Bone mixamorig_LeftLeg" unique_id=1407094248]
transform = Transform3D(1, 0, 0, 0, 0, 1, 0, -1, 0, 0, 0, 0)
shape = SubResource("CapsuleShape3D_20umo")

[node name="Physical Bone mixamorig_LeftFoot" type="PhysicalBone3D" parent="Master/Skeleton3D/PhysicalBoneSimulator3D" unique_id=641027502]
transform = Transform3D(-1, 5.0021976e-07, 5.179705e-07, 7.1498323e-07, 0.77518004, 0.6317404, -8.551134e-08, 0.6317404, -0.7751801, 0.08194432, 0.043651514, 0.026124552)
joint_type = 1
joint_offset = Transform3D(1, 0, 0, 0, 1, 0, 0, 0, 1, -0.00013299292, 5.7399023e-07, 0.069083296)
body_offset = Transform3D(0.9999995, 1.2789769e-13, 2.4868996e-13, 2.1316282e-14, 0, -1.0000001, -1.0658141e-14, 1, -3.2782555e-07, 0.00013299286, 0.0690833, -5.5134296e-07)
bone_name = "mixamorig_LeftFoot"
joint_constraints/bias = 0.3
joint_constraints/damping = 1.0
joint_constraints/impulse_clamp = 0.0

[node name="CollisionShape3D" type="CollisionShape3D" parent="Master/Skeleton3D/PhysicalBoneSimulator3D/Physical Bone mixamorig_LeftFoot" unique_id=1966026915]
transform = Transform3D(1, 0, 0, 0, 0, 1, 0, -1, 0, 0, 0, 0)
shape = SubResource("CapsuleShape3D_huxvu")

[editable path="Master"]
